0.047|0.144|0.071	0.031|0.180|0.053	0.016|0.220|0.031	0.010|0.254|0.019	0.006|0.297|0.012
0.071|0.235|0.109	0.051|0.302|0.087	0.029|0.387|0.054	0.018|0.448|0.034	0.011|0.518|0.021
0.074|0.206|0.109	0.049|0.251|0.082	0.026|0.309|0.048	0.016|0.357|0.030	0.010|0.415|0.019
0.064|0.181|0.095	0.044|0.227|0.074	0.026|0.299|0.048	0.017|0.362|0.032	0.011|0.441|0.021
0.069|0.135|0.092	0.049|0.183|0.077	0.029|0.267|0.052	0.018|0.350|0.035	0.011|0.435|0.022
0.054|0.204|0.086	0.037|0.268|0.065	0.020|0.332|0.037	0.012|0.407|0.024	0.007|0.472|0.014
0.0796|0.2945	0.0499|0.3547	0.0243|0.4216	0.0136|0.4659	0.0075|0.5079

0.031|0.111	0.022|0.149	0.013|0.198	0.009|0.236	0.005|0.275
0.045|0.184	0.034|0.253	0.022|0.337	0.014|0.403	0.009|0.467
0.054|0.171	0.039|0.231	0.023|0.303	0.014|0.363	0.009|0.420
0.058|0.176	0.046|0.254	0.029|0.355	0.019|0.431	0.012|0.506
0.022|0.067	0.020|0.107	0.016|0.175	0.012|0.240	0.008|0.311
0.031|0.152	0.024|0.215	0.014|0.299	0.009|0.358	0.005|0.401
0.0635|0.2466	0.0455|0.3369	0.0236|0.4141	0.0136|0.4689	0.0075|0.5146

0.011|0.030	0.008|0.047	0.006|0.080	0.004|0.118	0.003|0.170
0.016|0.044	0.014|0.052	0.012|0.062	0.008|0.095	0.006|0.140
0.024|0.033	0.018|0.048	0.014|0.073	0.010|0.121	0.007|0.167
0.013|0.029	0.010|0.043	0.007|0.072	0.005|0.106	0.004|0.155
0.021|0.048	0.016|0.073	0.010|0.119	0.007|0.167	0.005|0.225
0.005|0.019	0.004|0.031	0.003|0.056	0.002|0.088	0.002|0.138
0.0201|0.0669	0.0150|0.0965	0.0099|0.1534	0.0069|0.2108	0.0045|0.2787
				
0.016|0.045	0.013|0.068	0.009|0.118	0.006|0.167	0.004|0.226
0.023|0.094	0.020|0.167	0.019|0.248	0.013|0.314	0.008|0.396
0.028|0.073	0.023|0.114	0.016|0.182	0.011|0.244	0.007|0.320
0.032|0.073	0.027|0.119	0.020|0.207	0.014|0.280	0.009|0.359
0.028|0.068	0.022|0.105	0.016|0.175	0.012|0.246	0.008|0.323
0.029|0.119	0.017|0.135	0.011|0.203	0.007|0.260	0.005|0.331
0.0376|0.1298	0.0278|0.1893	0.0166|0.2695	0.0108|0.3538	0.0067|0.4385
				
0.027|0.101	0.020|0.134	0.011|0.177	0.007|0.211	0.005|0.247
0.041|0.167	0.032|0.231	0.020|0.316	0.014|0.376	0.009|0.433
0.048|0.153	0.035|0.206	0.021|0.279	0.013|0.326	0.008|0.370
0.052|0.158	0.042|0.231	0.027|0.336	0.018|0.409	0.011|0.477
0.021|0.061	0.018|0.096	0.013|0.145	0.010|0.193	0.007|0.255
0.029|0.139	0.022|0.198	0.012|0.260	0.008|0.304	0.005|0.355
0.0592|0.2379	0.0430|0.3245	0.0229|0.4047	0.0132|0.4551	0.0073|0.5038
				
0.0106|0.0318	0.0082|0.0483	0.0058|0.0816	0.0042|0.1176	0.0031|0.1692
0.0161|0.0413	0.0122|0.0637	0.0079|0.0965	0.0059|0.1374	0.0043|0.2010
0.004|0.017	0.003|0.026	0.003|0.055	0.002|0.087	0.002|0.135
0.012|0.029	0.010|0.040	0.007|0.072	0.005|0.105	0.004|0.155
0.020|0.049	0.015|0.074	0.010|0.125	0.007|0.172	0.005|0.237
0.0049|0.0193	0.0036|0.0283	0.0029|0.0561	0.0022|0.0833	0.0017|0.1235
0.0207|0.0640	0.0152|0.0962	0.0097|0.1538	0.0067|0.2048	0.0045|0.2736
				
0.0161|0.0464	0.0126|0.0698	0.0086|0.1126	0.0061|0.1595	0.0043|0.2251
0.0312|0.1041	0.0257|0.1546	0.0176|0.2297	0.0122|0.3035	0.0080|0.3904
0.0269|0.0726	0.0218|0.1088	0.0148|0.1731	0.0105|0.2359	0.0070|0.3130
0.030|0.068	0.026|0.115	0.019|0.194	0.013|0.265	0.009|0.349
0.028|0.073	0.022|0.104	0.016|0.177	0.011|0.241	0.008|0.325
0.017|0.074	0.014|0.116	0.009|0.174	0.006|0.233	0.004|0.310
0.0357|0.1194	0.0258|0.1702	0.0158|0.2566	0.0104|0.3355	0.0064|0.4187
				
0.008|0.020	0.006|0.033	0.005|0.060	0.004|0.096	0.003|0.151
0.032|0.110	0.027|0.161	0.018|0.227	0.012|0.295	0.008|0.360
0.036|0.105	0.026|0.140	0.016|0.189	0.010|0.228	0.006|0.270
0.019|0.035	0.016|0.057	0.012|0.102	0.009|0.153	0.006|0.221
0.010|0.019	0.009|0.031	0.006|0.054	0.005|0.085	0.003|0.130
0.006|0.019	0.004|0.026	0.003|0.050	0.003|0.088	0.002|0.142
0.0480|0.1701	0.0319|0.2209	0.0158|0.2648	0.0088|0.2951	0.0049|0.3279
				
0.006|0.017	0.005|0.026	0.004|0.051	0.003|0.083	0.002|0.129
0.007|0.020	0.005|0.025	0.004|0.046	0.004|0.080	0.003|0.144
0.011|0.027	0.008|0.038	0.006|0.071	0.005|0.114	0.004|0.176
0.008|0.014	0.005|0.021	0.004|0.040	0.004|0.066	0.003|0.110
0.011|0.014	0.007|0.023	0.005|0.049	0.004|0.085	0.003|0.134
0.004|0.012	0.002|0.014	0.002|0.033	0.002|0.061	0.002|0.111
0.0118|0.0374	0.0092|0.0565	0.0065|0.0993	0.0051|0.1574	0.0037|0.2293
				
0.009|0.026	0.006|0.033	0.005|0.060	0.004|0.096	0.003|0.151
0.017|0.035	0.013|0.049	0.009|0.097	0.007|0.151	0.005|0.211
0.016|0.040	0.012|0.056	0.009|0.099	0.007|0.151	0.005|0.226
0.019|0.035	0.016|0.057	0.012|0.102	0.009|0.153	0.006|0.221
0.013|0.025	0.009|0.031	0.006|0.054	0.005|0.085	0.003|0.130
0.006|0.019	0.004|0.026	0.003|0.050	0.003|0.088	0.002|0.142
0.0176|0.0513	0.0132|0.0783	0.0090|0.1334	0.0067|0.1992	0.0047|0.2899
				
0.001|0.002	0.001|0.005	0.001|0.013	0.001|0.026	0.001|0.051
0.003|0.009	0.003|0.016	0.003|0.035	0.002|0.066	0.002|0.111
0.002|0.007	0.002|0.012	0.002|0.025	0.002|0.049	0.002|0.090
0.002|0.003	0.001|0.005	0.001|0.013	0.001|0.026	0.001|0.051
0.008|0.018	0.008|0.033	0.006|0.068	0.005|0.111	0.004|0.181
0.003|0.010	0.002|0.019	0.002|0.039	0.002|0.068	0.002|0.117
0.0021|0.0073	0.0021|0.0139	0.0019|0.0317	0.0017|0.0565	0.0015|0.1033
				
0.027|0.088	0.020|0.121	0.012|0.163	0.008|0.201	0.005|0.245
0.048|0.177	0.036|0.230	0.022|0.302	0.014|0.361	0.009|0.443
0.038|0.111	0.028|0.152	0.018|0.213	0.012|0.268	0.008|0.328
0.029|0.076	0.023|0.107	0.015|0.161	0.010|0.211	0.007|0.273
0.035|0.083	0.028|0.123	0.020|0.195	0.014|0.276	0.009|0.357
0.034|0.146	0.025|0.208	0.015|0.286	0.009|0.343	0.006|0.420
0.0477|0.1944	0.0333|0.2558	0.0181|0.3302	0.0109|0.3882	0.0063|0.4450