0.5	0.65	0.84	0.7	0.51
0.84	0.89	0.96	0.95	0.88
0.93	0.97	0.98	0.95	0.88
0.72	0.73	0.86	0.86	0.72
0.81	0.83	0.98	0.67	0.57
0.64	0.64	0.64	0.64	0.62
0.96	0.96	0.97	0.84	0.69
0.7	0.72	0.85	0.73	0.63
0.85	0.89	0.95	0.95	0.93
0.94	0.97	0.99	0.94	0.93
0.77	0.77	0.89	0.89	0.88
0.79	0.83	0.99	0.67	0.59
0.45	0.47	0.52	0.52	0.51
0.92	0.93	0.96	0.895	0.71
0.49	0.56	0.65	0.55	0.53
0.85	0.89	0.95	0.88	0.71
0.9	0.96	0.98	0.89	0.71
0.65	0.71	0.85	0.73	0.64
0.81	0.83	0.94	0.67	0.58
0.53	0.53	0.54	0.54	0.52
0.5	0.5	0.5	0.45	0.43
0.6	0.66	0.71	0.54	0.51
0.84	0.89	0.95	0.87	0.7
0.92	0.96	0.98	0.86	0.68
0.67	0.73	0.87	0.77	0.64
0.81	0.84	0.99	0.67	0.58
0.52	0.52	0.52	0.52	0.52
0.5	0.5	0.5	0.46	0.5
0.52	0.51	0.54	0.53	0.47
0.85	0.9	0.96	0.96	0.84
0.94	0.98	0.99	0.93	0.85
0.7	0.77	0.9	0.89	0.75
0.79	0.82	0.98	0.66	0.57
0.59	0.59	0.59	0.59	0.59
0.96	0.98	0.98	0.88	0.69
0.72	0.73	0.7	0.66	0.53
0.85	0.9	0.96	0.96	0.75
0.91	0.97	0.99	0.95	0.81
0.73	0.76	0.9	0.66	0.64
0.81	0.84	0.99	0.67	0.58
0.64	0.64	0.64	0.64	0.64
0.96	0.99	0.99	0.9	0.67
0.51	0.52	0.57	0.51	0.48
0.84	0.9	0.96	0.91	0.83
0.85	0.97	0.99	0.79	0.62
0.66	0.72	0.86	0.74	0.61
0.79	0.83	0.99	0.67	0.59
0.56	0.56	0.56	0.56	0.56
0.95	0.98	0.97	0.85	0.6
