0.66	0.79	0.84	0.81	0.71
0.89	0.91	0.96	0.96	0.94
0.93	0.97	0.98	0.95	0.89
0.75	0.78	0.86	0.89	0.88
0.81	0.83	0.98	0.6	0.53
0.64	0.63	0.64	0.64	0.62
0.96	0.97	0.97	0.97	0.9
0.66	0.81	0.85	0.77	0.7
0.89	0.91	0.95	0.96	0.88
0.94	0.98	0.99	0.96	0.89
0.78	0.8	0.89	0.92	0.92
0.8	0.83	0.99	0.59	0.54
0.43	0.52	0.52	0.57	0.57
0.92	0.92	0.96	0.92	0.92
0.55	0.64	0.65	0.6	0.56
0.89	0.91	0.95	0.94	0.87
0.94	0.97	0.98	0.96	0.89
0.69	0.76	0.85	0.79	0.69
0.8	0.83	0.94	0.6	0.54
0.52	0.55	0.54	0.53	0.54
0.5	0.5	0.5	0.5	0.51
0.57	0.67	0.71	0.63	0.57
0.89	0.91	0.95	0.92	0.84
0.93	0.97	0.98	0.92	0.83
0.72	0.78	0.87	0.84	0.74
0.81	0.84	0.99	0.6	0.54
0.52	0.52	0.52	0.52	0.52
0.5	0.5	0.5	0.5	0.5
0.37	0.49	0.54	0.58	0.5
0.89	0.91	0.96	0.97	0.92
0.95	0.98	0.99	0.97	0.91
0.8	0.81	0.9	0.94	0.91
0.8	0.82	0.98	0.59	0.59
0.59	0.59	0.59	0.59	0.59
0.96	0.98	0.98	0.94	0.88
0.7	0.78	0.7	0.63	0.57
0.89	0.92	0.96	0.98	0.98
0.9	0.98	0.99	0.97	0.94
0.8	0.82	0.9	0.95	0.75
0.81	0.84	0.99	0.6	0.54
0.64	0.64	0.64	0.64	0.64
0.97	1	0.99	0.99	0.92
0.47	0.56	0.57	0.54	0.5
0.89	0.92	0.96	0.94	0.84
0.88	0.98	0.99	0.93	0.76
0.67	0.76	0.86	0.8	0.67
0.8	0.83	0.99	0.6	0.54
0.56	0.56	0.56	0.56	0.56
0.95	0.97	0.97	0.96	0.89
