0.93	0.84	0.93	0.72	0.81	0.64	0.96 0.99 0.73
0.93	0.89	0.97	0.73	0.83	0.64	0.96 0.99	0.98
0.93	0.96	0.98	0.86	0.98	0.64	0.97 0.99	0.99
0.87	0.95	0.95	0.86	0.67	0.64	0.84 0.99	0.94
0.72	0.88	0.88	0.72	0.57	0.62	0.69 0.96	0.76
0.98	0.85	0.94	0.77	0.79	0.45	0.92 0.99 0.98
0.99	0.89	0.97	0.77	0.83	0.47	0.93	0.99	0.99
0.99	0.95	0.99	0.89	0.99	0.52	0.96	0.99	0.99
0.99	0.95	0.94	0.89	0.67	0.52	0.895	0.99	0.99
0.99	0.93	0.93	0.88	0.59	0.51	0.71	0.99	0.96
0.91	0.85	0.9	0.65	0.81	0.53	0.5 0.99 0.87
0.95	0.89	0.96	0.71	0.83	0.53	0.5	0.99	0.98
0.97	0.95	0.98	0.85	0.94	0.54	0.5	0.99	0.99
0.56	0.88	0.89	0.73	0.67	0.54	0.45	0.98	0.93
0.5	0.71	0.71	0.64	0.58	0.52	0.43	0.85	0.76
0.99	0.84	0.92	0.67	0.81	0.52	0.5 0.99 0.84
0.99	0.89	0.96	0.73	0.84	0.52	0.5	0.99	0.99
0.99	0.95	0.98	0.87	0.99	0.52	0.5	0.99	0.99
0.85	0.87	0.86	0.77	0.67	0.52	0.46	0.99	0.93
0.63	0.7	0.68	0.64	0.58	0.52	0.5	0.97	0.78
0.95	0.85	0.94	0.7	0.79	0.59	0.96 0.96 0.99
0.97	0.9	0.98	0.77	0.82	0.59	0.98	0.98	0.99
0.97	0.96	0.99	0.9	0.98	0.59	0.98	0.99	0.99
0.91	0.96	0.93	0.89	0.66	0.59	0.88	0.99	0.88
0.67	0.84	0.85	0.75	0.57	0.59	0.69	0.82	0.67
0.99	0.85	0.91	0.73	0.81	0.64	0.96 0.99 0.52
0.99	0.9	0.97	0.76	0.84	0.64	0.99	0.99	0.75
0.99	0.96	0.99	0.9	0.99	0.64	0.99	0.99	0.99
0.73	0.96	0.95	0.66	0.67	0.64	0.9	0.99	0.71
0.52	0.75	0.81	0.64	0.58	0.64	0.67	0.9	0.52
0.8	0.84	0.85	0.66	0.79	0.56	0.95 0.99 0.58
0.93	0.9	0.97	0.72	0.83	0.56	0.98	0.99	0.84
0.95	0.96	0.99	0.86	0.99	0.56	0.97	0.99	0.99
0.67	0.91	0.79	0.74	0.67	0.56	0.85	0.99	0.55
0.62	0.83	0.62	0.61	0.59	0.56	0.6	0.8	0.51
0.99	0.99	0.73	0.92	0.86	0.83	0.85 0.92 0.97
0.99	0.99	0.82	0.97	0.9	0.85	0.85	0.96	0.99
0.99	0.99	0.99	0.99	0.92	0.83	0.86	0.99	0.99
0.96	0.99	0.92	0.98	0.91	0.83	0.86	0.99	0.97
0.88	0.96	0.91	0.97	0.85	0.83	0.86	0.99	0.87