0.66	0.89	0.93	0.75	0.81	0.64	0.96
0.79	0.91	0.97	0.78	0.83	0.63	0.97
0.84	0.96	0.98	0.86	0.98	0.64	0.97
0.81	0.96	0.95	0.89	0.6	0.64	0.97
0.71	0.94	0.89	0.88	0.53	0.62	0.9
0.66	0.89	0.94	0.78	0.8	0.43	0.92
0.81	0.91	0.98	0.8	0.83	0.52	0.92
0.85	0.95	0.99	0.89	0.99	0.52	0.96
0.77	0.96	0.96	0.92	0.59	0.57	0.92
0.7	0.88	0.89	0.92	0.54	0.57	0.92
0.55	0.89	0.94	0.69	0.8	0.52	0.5
0.64	0.91	0.97	0.76	0.83	0.55	0.5
0.65	0.95	0.98	0.85	0.94	0.54	0.5
0.6	0.94	0.96	0.79	0.6	0.53	0.5
0.56	0.87	0.89	0.69	0.54	0.54	0.51
0.57	0.89	0.93	0.72	0.81	0.52	0.5
0.67	0.91	0.97	0.78	0.84	0.52	0.5
0.71	0.95	0.98	0.87	0.99	0.52	0.5
0.63	0.92	0.92	0.84	0.6	0.52	0.5
0.57	0.84	0.83	0.74	0.54	0.52	0.5
0.37	0.89	0.95	0.8	0.8	0.59	0.96
0.49	0.91	0.98	0.81	0.82	0.59	0.98
0.54	0.96	0.99	0.9	0.98	0.59	0.98
0.58	0.97	0.97	0.94	0.59	0.59	0.94
0.5	0.92	0.91	0.91	0.59	0.59	0.88
0.7	0.89	0.9	0.8	0.81	0.64	0.97
0.78	0.92	0.98	0.82	0.84	0.64	1
0.7	0.96	0.99	0.9	0.99	0.64	0.99
0.63	0.98	0.97	0.95	0.6	0.64	0.99
0.57	0.98	0.94	0.75	0.54	0.64	0.92
0.47	0.89	0.88	0.67	0.8	0.56	0.95
0.56	0.92	0.98	0.76	0.83	0.56	0.97
0.57	0.96	0.99	0.86	0.99	0.56	0.97
0.54	0.94	0.93	0.8	0.6	0.56	0.96
0.5	0.84	0.76	0.67	0.54	0.56	0.89
