0.5	0.5	0.51	0.51	0.51	0.84
0.5	0.5	0.5	0.54	0.77	0.96
0.5	0.5	0.51	0.65	0.94	0.98
0.85	0.85	0.86	0.86	0.86	0.86
0.82	0.82	0.97	0.98	0.98	0.98
0.63	0.63	0.63	0.63	0.63	0.64
0.97	0.97	0.97	0.97	0.97	0.97
0.5	0.5	0.5	0.51	0.51	0.85
0.5	0.5	0.5	0.54	0.78	0.95
0.5	0.5	0.51	0.66	0.95	0.99
0.88	0.88	0.89	0.89	0.89	0.89
0.82	0.82	0.98	0.98	0.98	0.99
0.52	0.52	0.52	0.52	0.52	0.52
0.96	0.96	0.96	0.96	0.96	0.96
0.5	0.5	0.5	0.5	0.5	0.65
0.5	0.5	0.5	0.54	0.78	0.95
0.5	0.5	0.51	0.65	0.94	0.98
0.84	0.84	0.84	0.84	0.85	0.85
0.43	0.46	0.61	0.75	0.98	0.94
0.54	0.54	0.54	0.54	0.54	0.54
0.5	0.5	0.5	0.5	0.5	0.5
0.5	0.5	0.5	0.51	0.51	0.71
0.5	0.5	0.5	0.54	0.78	0.95
0.5	0.5	0.51	0.66	0.94	0.98
0.86	0.86	0.86	0.86	0.87	0.87
0.62	0.68	0.88	0.97	0.98	0.99
0.52	0.52	0.52	0.52	0.52	0.52
0.5	0.5	0.5	0.5	0.5	0.5
0.5	0.5	0.5	0.51	0.51	0.54
0.5	0.5	0.5	0.54	0.78	0.96
0.5	0.5	0.51	0.65	0.95	0.99
0.89	0.89	0.89	0.89	0.89	0.9
0.8	0.8	0.97	0.98	0.98	0.98
0.59	0.59	0.59	0.59	0.59	0.59
0.98	0.98	0.98	0.98	0.98	0.98
0.5	0.5	0.5	0.51	0.51	0.7
0.5	0.5	0.5	0.54	0.78	0.96
0.5	0.5	0.51	0.66	0.96	0.99
0.89	0.89	0.89	0.89	0.9	0.9
0.84	0.83	0.98	0.99	0.99	0.99
0.64	0.64	0.64	0.64	0.64	0.64
0.99	0.99	0.99	0.99	0.99	0.99
0.5	0.5	0.5	0.5	0.5	0.57
0.5	0.5	0.5	0.54	0.79	0.96
0.5	0.5	0.51	0.66	0.95	0.99
0.84	0.84	0.84	0.84	0.85	0.86
0.84	0.83	0.97	0.99	0.98	0.99
0.56	0.56	0.56	0.56	0.56	0.56
0.97	0.97	0.97	0.97	0.97	0.97
