0.84	0.96	0.98	0.86	0.98	0.64	0.97
0.5	0.62	0.51	0.86	0.5	0.64	0.97
0.5	0.46	0.5	0.85	0.5	0.64	0.97
0.5	0.36	0.5	0.83	0.5	0	0
0.5	0.3	0.5	0.8	0.5	0	0
0.5	0.28	0.5	0.77	0.5	0	0
0.5	0.28	0.5	0.74	0.5	0	0
0.85	0.95	0.99	0.89	0.99	0.52	0.96
0.51	0.88	0.59	0.89	0.5	0.52	0.96
0.5	0.69	0.5	0.88	0.5	0.52	0.96
0.5	0.604	0.5	0.86	0.5	0	0
0.5	0.58	0.5	0.86	0.5	0	0
0.5	0.58	0.5	0.85	0.5	0	0
0.5	0.58	0.5	0.84	0.5	0	0
0.65	0.95	0.98	0.85	0.94	0.54	0.5
0.5	0.81	0.81	0.85	0.5	0.54	0.5
0.5	0.64	0.56	0.83	0.5	0.54	0.5
0.5	0.55	0.503	0.78	0.5	0	0
0.5	0.53	0.5	0.73	0.5	0	0
0.5	0.51	0.5	0.69	0.5	0	0
0.5	0.51	0.5	0.67	0.5	0	0
0.71	0.95	0.98	0.87	0.99	0.52	0.5
0.5	0.77	0.62	0.87	0.5	0.52	0.5
0.5	0.63	0.5	0.85	0.5	0.52	0.5
0.5	0.56	0.5	0.81	0.5	0	0
0.5	0.52	0.5	0.76	0.5	0	0
0.5	0.51	0.5	0.74	0.5	0	0
0.5	0.51	0.5	0.71	0.5	0	0
0.54	0.96	0.99	0.9	0.98	0.59	0.98
0.5	0.67	0.47	0.9	0.5	0.59	0.98
0.5	0.62	0.49	0.88	0.5	0.59	0.98
0.5	0.5	0.5	0.86	0.5	0	0
0.5	0.42	0.5	0.83	0.5	0	0
0.5	0.37	0.5	0.79	0.5	0	0
0.5	0.33	0.5	0.76	0.5	0	0
0.7	0.96	0.99	0.9	0.99	0.64	0.99
0.5	0.73	0.48	0.9	0.5	0.64	0.99
0.5	0.62	0.48	0.89	0.5	0.64	0.99
0.5	0.55	0.5	0.86	0.5	0	0
0.5	0.53	0.5	0.75	0.5	0	0
0.5	0.51	0.5	0.74	0.5	0	0
0.5	0.48	0.5	0.66	0.5	0	0
0.57	0.96	0.99	0.86	0.99	0.56	0.97
0.5	0.71	0.58	0.86	0.5	0.56	0.97
0.5	0.57	0.5	0.83	0.5	0.56	0.97
0.5	0.49	0.5	0.77	0.5	0	0
0.5	0.48	0.5	0.69	0.5	0	0
0.5	0.47	0.5	0.64	0.5	0	0
0.5	0.45	0.5	0.63	0.5	0	0
