0.84	0.96	0.98	0.86	0.98	0.64	0.97
0.5	0.94	0.97	0.81	0.85	0	0
0.5	0.91	0.97	0.67	0.81	0	0
0.5	0.86	0.96	0.52	0.75	0	0
0.5	0.86	0.94	0.49	0.58	0	0
0.5	0.86	0.85	0.5	0.5	0	0
0.85	0.95	0.99	0.89	0.99	0.52	0.96
0.5	0.92	0.98	0.73	0.89	0	0
0.5	0.91	0.98	0.59	0.84	0	0
0.5	0.87	0.97	0.57	0.77	0	0
0.5	0.86	0.94	0.5	0.58	0	0
0.5	0.89	0.85	0.53	0.5	0	0
0.65	0.95	0.98	0.85	0.94	0.54	0.5
0.5	0.9	0.92	0.656	0.95	0	0
0.5	0.83	0.8	0.59	0.89	0	0
0.5	0.7	0.62	0.54	0.79	0	0
0.5	0.55	0.52	0.49	0.59	0	0
0.5	0.5	0.49	0.51	0.5	0	0
0.71	0.95	0.98	0.87	0.99	0.52	0.5
0.5	0.91	0.89	0.66	0.94	0	0
0.5	0.86	0.73	0.58	0.9	0	0
0.5	0.76	0.6	0.51	0.79	0	0
0.5	0.64	0.54	0.5	0.58	0	0
0.5	0.56	0.52	0.49	0.5	0	0
0.54	0.96	0.99	0.9	0.98	0.59	0.98
0.5	0.94	0.99	0.77	0.87	0	0
0.5	0.91	0.99	0.59	0.82	0	0
0.5	0.88	0.99	0.52	0.74	0	0
0.5	0.88	0.96	0.49	0.57	0	0
0.5	0.88	0.87	0.49	0.5	0	0
0.7	0.96	0.99	0.9	0.99	0.64	0.99
0.5	0.94	0.98	0.77	0.93	0	0
0.5	0.91	0.98	0.66	0.88	0	0
0.5	0.88	0.98	0.6	0.77	0	0
0.5	0.87	0.95	0.54	0.59	0	0
0.5	0.87	0.85	0.56	0.5	0	0
0.57	0.96	0.99	0.86	0.99	0.56	0.97
0.5	0.93	0.98	0.62	0.92	0	0
0.5	0.91	0.98	0.58	0.86	0	0
0.5	0.88	0.95	0.56	0.77	0	0
0.5	0.87	0.92	0.56	0.59	0	0
0.5	0.87	0.8	0.55	0.5	0	0
