0.5	0.5	0.5	0.58	0.5	0	0
0.5	0.5	0.5	0.58	0.5	0	0
0.5	0.5	0.5	0.69	0.5	0	0
0.51	0.6	0.91	0.81	0.5	0.64	0.97
0.84	0.96	0.98	0.86	0.98	0.64	0.97
0.5	0.5	0.5	0.58	0.5	0	0
0.5	0.5	0.5	0.59	0.5	0	0
0.5	0.5	0.5	0.71	0.5	0	0
0.51	0.61	0.92	0.84	0.5	0.52	0.96
0.85	0.95	0.99	0.89	0.99	0.52	0.96
0.5	0.5	0.5	0.57	0.5	0	0
0.5	0.5	0.5	0.57	0.5	0	0
0.5	0.5	0.5	0.68	0.5	0	0
0.49	0.6	0.91	0.8	0.5	0.54	0.5
0.65	0.95	0.98	0.85	0.94	0.54	0.5
0.5	0.5	0.5	0.5	0.5	0	0
0.5	0.5	0.5	0.5	0.5	0	0
0.5	0.5	0.5	0.69	0.5	0	0
0.51	0.6	0.9	0.82	0.5	0.52	0.5
0.71	0.95	0.98	0.87	0.99	0.52	0.5
0.5	0.5	0.5	0.6	0.5	0	0
0.5	0.5	0.5	0.6	0.5	0	0
0.5	0.5	0.5	0.71	0.5	0	0
0.5	0.6	0.92	0.84	0.5	0.59	0.98
0.54	0.96	0.99	0.9	0.98	0.59	0.98
0.5	0.5	0.5	0.59	0.5	0	0
0.5	0.5	0.5	0.6	0.5	0	0
0.5	0.5	0.5	0.72	0.5	0	0
0.54	0.6	0.92	0.85	0.5	0.64	0.99
0.7	0.96	0.99	0.9	0.99	0.64	0.99
0.5	0.5	0.5	0.59	0.5	0	0
0.5	0.5	0.5	0.59	0.5	0	0
0.5	0.5	0.5	0.68	0.5	0	0
0.51	0.61	0.91	0.8	0.5	0.56	0.97
0.57	0.96	0.99	0.86	0.99	0.56	0.97
