rgb_vectors: tensor([[[ 6.6268e+22,  1.9236e+22,  2.1441e+22,  ..., -2.9530e+22,
          -3.8462e+23, -3.8521e+22],
         [ 4.8105e+22, -6.1142e+22,  6.7570e+22,  ..., -6.7460e+22,
          -1.5260e+23, -9.3625e+21],
         [ 5.9795e+22, -3.7469e+22,  6.7171e+21,  ...,  9.5384e+21,
          -1.7476e+23, -1.3777e+23],
         [ 6.1433e+22,  1.1362e+22,  4.0264e+22,  ..., -5.9697e+22,
          -7.3731e+22, -4.6457e+22]],

        [[ 6.2878e+22,  5.7909e+21,  9.2675e+21,  ..., -8.7355e+22,
          -3.3142e+23,  4.6331e+21],
         [ 5.0159e+22, -6.7782e+22,  7.0970e+22,  ..., -3.4873e+22,
          -1.7238e+23, -1.7100e+22],
         [ 7.2563e+22, -4.6863e+22,  4.9790e+21,  ..., -9.2212e+22,
          -1.5816e+23, -1.2197e+23],
         [ 5.5349e+22, -1.0334e+22,  5.5840e+22,  ..., -6.4421e+22,
          -6.9187e+22, -3.4815e+22]],

        [[ 2.0765e+22,  5.8597e+22,  9.2210e+21,  ..., -3.3320e+23,
          -8.1231e+23, -4.5040e+22],
         [ 1.1195e+23, -6.0473e+22,  1.3488e+23,  ..., -8.6536e+22,
          -4.5622e+23, -2.3894e+23],
         [ 2.3543e+22,  1.8691e+22,  2.7201e+22,  ...,  5.4793e+22,
          -3.7839e+23, -1.0819e+23],
         [ 1.0740e+23, -5.1465e+21,  5.9345e+22,  ..., -2.7434e+22,
          -1.8878e+23, -9.4297e+22]],

        ...,

        [[ 9.6214e+22, -7.2223e+22, -2.0533e+22,  ..., -1.1497e+23,
          -7.1319e+23, -3.8716e+22],
         [ 1.2726e+23, -8.2176e+22,  1.0580e+23,  ...,  5.2370e+21,
          -3.9903e+23, -1.4717e+23],
         [ 4.8902e+22, -2.6611e+22, -1.7465e+21,  ...,  9.2075e+22,
          -3.6349e+23, -1.3732e+23],
         [ 7.5660e+22,  5.2471e+22,  4.7535e+22,  ..., -1.8782e+22,
          -1.4363e+23, -1.3117e+23]],

        [[ 2.4630e+22,  2.9208e+22,  2.8725e+22,  ..., -1.0999e+23,
          -3.5118e+23, -1.2774e+23],
         [ 4.1418e+22, -6.4065e+22,  5.7770e+22,  ...,  7.3958e+21,
          -1.9909e+23, -4.8937e+22],
         [ 1.8112e+22,  9.4677e+21, -1.3343e+21,  ..., -4.8931e+22,
          -1.0305e+23, -1.2153e+23],
         [ 6.5897e+22,  1.4449e+21,  2.9502e+21,  ..., -1.9208e+22,
          -4.8865e+22, -3.6461e+22]],

        [[ 4.9543e+22,  1.0649e+22,  1.7649e+22,  ..., -9.3474e+22,
          -2.4528e+23, -3.2642e+22],
         [ 2.7948e+22, -3.9339e+22,  5.1448e+22,  ..., -3.3402e+22,
          -1.4063e+23,  5.1254e+21],
         [ 5.5259e+22, -2.9808e+22,  2.0779e+22,  ..., -7.9051e+21,
          -1.7379e+23, -8.9503e+22],
         [ 5.1083e+22, -1.9491e+22,  5.3645e+22,  ..., -5.3063e+22,
          -7.8472e+22, -2.4662e+22]]], device='cuda:0')
freq_vectors: tensor([[[ 1.6029e+23,  1.4913e+23, -2.7347e+23,  ..., -4.8659e+22,
           1.1364e+23, -2.2084e+23],
         [ 5.5672e+23, -8.1463e+22, -2.0302e+23,  ..., -3.1016e+23,
           2.3716e+22,  1.7618e+23],
         [ 2.5744e+23,  8.7705e+22, -2.0722e+23,  ..., -1.5606e+23,
           1.1339e+23,  7.1202e+22],
         [ 5.2539e+23,  3.5350e+22,  6.3386e+20,  ..., -1.7513e+23,
          -7.9232e+21,  3.1340e+22]],

        [[ 1.5645e+23,  1.4951e+23, -2.7981e+23,  ..., -4.9864e+22,
           1.1316e+23, -2.2122e+23],
         [ 5.5193e+23, -8.2148e+22, -2.0386e+23,  ..., -3.1173e+23,
           2.6852e+22,  1.7543e+23],
         [ 2.5433e+23,  9.4003e+22, -2.0944e+23,  ..., -1.5809e+23,
           1.1241e+23,  7.1920e+22],
         [ 5.4854e+23,  3.7979e+22,  5.7911e+21,  ..., -1.7510e+23,
          -9.3694e+21,  3.0273e+22]],

        [[ 1.6008e+23,  1.5588e+23, -2.8188e+23,  ..., -5.3890e+22,
           1.2017e+23, -2.2571e+23],
         [ 5.6970e+23, -8.5907e+22, -2.0719e+23,  ..., -3.1415e+23,
           3.2933e+22,  1.8587e+23],
         [ 2.6472e+23,  9.1063e+22, -2.1556e+23,  ..., -1.6092e+23,
           1.1500e+23,  7.4224e+22],
         [ 5.4638e+23,  4.0637e+22,  7.6001e+21,  ..., -1.7743e+23,
          -9.7954e+21,  3.1781e+22]],

        ...,

        [[ 1.6005e+23,  1.5920e+23, -2.9045e+23,  ..., -4.9900e+22,
           1.1802e+23, -2.3141e+23],
         [ 5.7858e+23, -9.3218e+22, -2.0986e+23,  ..., -3.2021e+23,
           3.2848e+22,  1.8270e+23],
         [ 2.6131e+23,  9.3306e+22, -2.1472e+23,  ..., -1.6075e+23,
           1.2002e+23,  7.2176e+22],
         [ 5.6033e+23,  4.3201e+22,  1.0234e+22,  ..., -1.7942e+23,
          -9.4892e+21,  2.9309e+22]],

        [[ 1.4739e+23,  1.8167e+23, -2.8127e+23,  ..., -5.4287e+22,
           1.3713e+23, -2.2035e+23],
         [ 5.7048e+23, -8.9709e+22, -2.4652e+23,  ..., -3.3687e+23,
           3.4389e+22,  1.8779e+23],
         [ 2.6543e+23,  1.2572e+23, -2.3094e+23,  ..., -1.6490e+23,
           1.2934e+23,  6.7866e+22],
         [ 6.1274e+23,  3.5141e+22,  1.6336e+22,  ..., -1.7859e+23,
          -7.2171e+21,  3.7473e+22]],

        [[ 1.4810e+23,  1.7836e+23, -2.8094e+23,  ..., -6.1624e+22,
           1.4037e+23, -2.2199e+23],
         [ 5.7574e+23, -9.3659e+22, -2.4742e+23,  ..., -3.3415e+23,
           3.7858e+22,  1.8547e+23],
         [ 2.6839e+23,  1.2323e+23, -2.3270e+23,  ..., -1.6463e+23,
           1.2819e+23,  6.7858e+22],
         [ 6.1202e+23,  3.3968e+22,  1.4699e+22,  ..., -1.7632e+23,
          -6.2122e+21,  3.8850e+22]]], device='cuda:0')
attn_out: tensor([[[nan, nan, nan,  ..., nan, nan, nan],
         [nan, nan, nan,  ..., nan, nan, nan],
         [nan, nan, nan,  ..., nan, nan, nan],
         [nan, nan, nan,  ..., nan, nan, nan]],

        [[nan, nan, nan,  ..., nan, nan, nan],
         [nan, nan, nan,  ..., nan, nan, nan],
         [nan, nan, nan,  ..., nan, nan, nan],
         [nan, nan, nan,  ..., nan, nan, nan]],

        [[nan, nan, nan,  ..., nan, nan, nan],
         [nan, nan, nan,  ..., nan, nan, nan],
         [nan, nan, nan,  ..., nan, nan, nan],
         [nan, nan, nan,  ..., nan, nan, nan]],

        ...,

        [[nan, nan, nan,  ..., nan, nan, nan],
         [nan, nan, nan,  ..., nan, nan, nan],
         [nan, nan, nan,  ..., nan, nan, nan],
         [nan, nan, nan,  ..., nan, nan, nan]],

        [[nan, nan, nan,  ..., nan, nan, nan],
         [nan, nan, nan,  ..., nan, nan, nan],
         [nan, nan, nan,  ..., nan, nan, nan],
         [nan, nan, nan,  ..., nan, nan, nan]],

        [[nan, nan, nan,  ..., nan, nan, nan],
         [nan, nan, nan,  ..., nan, nan, nan],
         [nan, nan, nan,  ..., nan, nan, nan],
         [nan, nan, nan,  ..., nan, nan, nan]]], device='cuda:0')
embed: tensor([[[nan, nan, nan,  ..., nan, nan, nan],
         [nan, nan, nan,  ..., nan, nan, nan],
         [nan, nan, nan,  ..., nan, nan, nan],
         [nan, nan, nan,  ..., nan, nan, nan]],

        [[nan, nan, nan,  ..., nan, nan, nan],
         [nan, nan, nan,  ..., nan, nan, nan],
         [nan, nan, nan,  ..., nan, nan, nan],
         [nan, nan, nan,  ..., nan, nan, nan]],

        [[nan, nan, nan,  ..., nan, nan, nan],
         [nan, nan, nan,  ..., nan, nan, nan],
         [nan, nan, nan,  ..., nan, nan, nan],
         [nan, nan, nan,  ..., nan, nan, nan]],

        ...,

        [[nan, nan, nan,  ..., nan, nan, nan],
         [nan, nan, nan,  ..., nan, nan, nan],
         [nan, nan, nan,  ..., nan, nan, nan],
         [nan, nan, nan,  ..., nan, nan, nan]],

        [[nan, nan, nan,  ..., nan, nan, nan],
         [nan, nan, nan,  ..., nan, nan, nan],
         [nan, nan, nan,  ..., nan, nan, nan],
         [nan, nan, nan,  ..., nan, nan, nan]],

        [[nan, nan, nan,  ..., nan, nan, nan],
         [nan, nan, nan,  ..., nan, nan, nan],
         [nan, nan, nan,  ..., nan, nan, nan],
         [nan, nan, nan,  ..., nan, nan, nan]]], device='cuda:0')
output:  tensor([[[nan, nan, nan,  ..., nan, nan, nan],
         [nan, nan, nan,  ..., nan, nan, nan],
         [nan, nan, nan,  ..., nan, nan, nan],
         [nan, nan, nan,  ..., nan, nan, nan]],

        [[nan, nan, nan,  ..., nan, nan, nan],
         [nan, nan, nan,  ..., nan, nan, nan],
         [nan, nan, nan,  ..., nan, nan, nan],
         [nan, nan, nan,  ..., nan, nan, nan]],

        [[nan, nan, nan,  ..., nan, nan, nan],
         [nan, nan, nan,  ..., nan, nan, nan],
         [nan, nan, nan,  ..., nan, nan, nan],
         [nan, nan, nan,  ..., nan, nan, nan]],

        ...,

        [[nan, nan, nan,  ..., nan, nan, nan],
         [nan, nan, nan,  ..., nan, nan, nan],
         [nan, nan, nan,  ..., nan, nan, nan],
         [nan, nan, nan,  ..., nan, nan, nan]],

        [[nan, nan, nan,  ..., nan, nan, nan],
         [nan, nan, nan,  ..., nan, nan, nan],
         [nan, nan, nan,  ..., nan, nan, nan],
         [nan, nan, nan,  ..., nan, nan, nan]],

        [[nan, nan, nan,  ..., nan, nan, nan],
         [nan, nan, nan,  ..., nan, nan, nan],
         [nan, nan, nan,  ..., nan, nan, nan],
         [nan, nan, nan,  ..., nan, nan, nan]]], device='cuda:0')
