q: tensor([[[ 1.7018e+25,  5.7061e+25,  5.5955e+25,  ...,  3.9438e+25,
          -2.5951e+25, -1.2087e+25],
         [ 1.9188e+25,  2.5276e+25,  2.6429e+25,  ..., -5.1368e+24,
          -4.8949e+24,  1.2192e+24],
         [-9.9606e+24,  3.4929e+25,  4.1376e+25,  ...,  6.6488e+24,
          -3.4961e+25,  1.5329e+25],
         [-2.3437e+23,  3.5870e+25,  2.2621e+25,  ..., -1.5188e+25,
          -5.5592e+24,  1.3076e+25]],

        [[-2.4388e+24,  3.9737e+25,  3.8948e+25,  ...,  2.5175e+25,
          -4.3894e+25,  8.1776e+23],
         [ 1.6513e+25,  2.8156e+25,  2.9712e+25,  ...,  3.1374e+24,
          -9.3541e+24, -5.1322e+24],
         [-3.1292e+24,  3.8353e+25,  2.3444e+25,  ...,  1.8086e+25,
          -2.2400e+25, -4.6212e+24],
         [ 3.0895e+24,  3.4438e+25,  2.8387e+25,  ..., -1.4084e+25,
          -6.8654e+24,  1.6560e+25]],

        [[-2.3627e+25,  5.9366e+25,  6.8491e+25,  ...,  3.0592e+25,
          -1.1323e+26,  4.5702e+25],
         [ 4.2991e+25,  4.8346e+25,  5.5564e+25,  ...,  5.8630e+25,
          -3.5216e+25, -5.0742e+25],
         [-6.7059e+25,  5.6620e+25,  6.8430e+25,  ...,  3.7590e+25,
          -1.5436e+26,  5.8939e+25],
         [-1.7329e+25,  6.4259e+25,  4.9011e+25,  ..., -4.7946e+25,
          -5.6357e+25,  3.9479e+25]],

        ...,

        [[ 1.6159e+25,  9.7645e+25,  9.1000e+25,  ...,  5.8244e+25,
          -5.4974e+25,  1.6375e+25],
         [ 3.3037e+25,  6.1949e+25,  6.1907e+25,  ...,  1.5706e+25,
          -1.9062e+25, -2.2079e+25],
         [-5.4817e+25,  6.2191e+25,  6.5516e+25,  ...,  1.0604e+25,
          -9.1738e+25,  2.5052e+25],
         [-1.5205e+25,  5.9112e+25,  4.1835e+25,  ..., -3.2668e+25,
          -2.9554e+25,  1.3552e+25]],

        [[ 2.8205e+24,  4.5633e+25,  5.1282e+25,  ...,  2.5733e+25,
          -4.7884e+25,  1.4205e+25],
         [ 1.1918e+25,  2.1310e+25,  1.7895e+25,  ...,  1.2131e+25,
          -9.4114e+24, -2.0531e+25],
         [-1.6350e+25,  4.0273e+25,  3.5513e+25,  ..., -1.2091e+23,
          -4.4108e+25,  2.4832e+25],
         [ 3.6887e+24,  3.9692e+25,  3.0374e+25,  ..., -1.3806e+25,
          -8.7667e+24,  1.0596e+25]],

        [[-5.6719e+24,  3.1382e+25,  2.8963e+25,  ...,  1.8444e+25,
          -3.4629e+25, -4.0616e+24],
         [ 1.5907e+25,  2.2169e+25,  2.3868e+25,  ..., -8.8184e+23,
           4.1381e+23,  1.3705e+24],
         [-9.2952e+24,  2.7900e+25,  2.9180e+25,  ...,  1.6847e+25,
          -3.4710e+25,  4.5393e+24],
         [ 1.2931e+24,  2.8715e+25,  2.5329e+25,  ..., -1.4995e+25,
          -7.3726e+24,  1.2737e+25]]], device='cuda:0')
k: tensor([[[ 1.5982e+26, -6.1063e+25, -1.6902e+26,  ..., -4.4219e+25,
           1.6069e+25,  2.1320e+26],
         [ 5.8025e+25,  9.8405e+25, -4.4447e+25,  ..., -1.8601e+26,
           3.5787e+25,  9.6290e+25],
         [-3.0309e+25,  5.3364e+25, -2.2804e+23,  ..., -1.0672e+25,
           6.3876e+25,  5.2861e+25],
         [-1.7429e+25,  7.4077e+25, -2.9771e+25,  ..., -7.7803e+25,
           1.0820e+25,  9.1920e+25]],

        [[ 1.6101e+26, -6.0324e+25, -1.7539e+26,  ..., -4.6893e+25,
           1.6729e+25,  2.1715e+26],
         [ 5.6742e+25,  1.0296e+26, -4.2624e+25,  ..., -1.8164e+26,
           3.7138e+25,  9.9048e+25],
         [-3.1341e+25,  5.2042e+25, -3.1202e+24,  ..., -1.1681e+25,
           6.4136e+25,  5.2366e+25],
         [-1.6566e+25,  7.5199e+25, -2.8462e+25,  ..., -7.5357e+25,
           1.2740e+25,  9.2643e+25]],

        [[ 1.6261e+26, -6.4737e+25, -1.7750e+26,  ..., -4.5045e+25,
           1.6855e+25,  2.1877e+26],
         [ 6.0396e+25,  1.0369e+26, -4.4436e+25,  ..., -1.9145e+26,
           3.6729e+25,  9.8624e+25],
         [-3.2647e+25,  5.4341e+25, -6.5790e+23,  ..., -1.2869e+25,
           6.6272e+25,  5.2158e+25],
         [-1.7761e+25,  7.7633e+25, -3.0915e+25,  ..., -8.0943e+25,
           1.2470e+25,  9.6040e+25]],

        ...,

        [[ 1.6440e+26, -6.4817e+25, -1.8165e+26,  ..., -4.5333e+25,
           1.7748e+25,  2.2250e+26],
         [ 5.6047e+25,  1.0694e+26, -4.4775e+25,  ..., -1.8932e+26,
           3.7858e+25,  9.9080e+25],
         [-3.2974e+25,  5.4499e+25, -3.9663e+23,  ..., -1.1051e+25,
           6.5961e+25,  5.2631e+25],
         [-1.7807e+25,  7.6794e+25, -3.2592e+25,  ..., -7.9021e+25,
           1.4053e+25,  9.6795e+25]],

        [[ 1.6310e+26, -5.9412e+25, -1.8648e+26,  ..., -4.2944e+25,
           2.6511e+25,  2.3087e+26],
         [ 5.9260e+25,  1.0860e+26, -4.2896e+25,  ..., -1.8545e+26,
           3.6985e+25,  1.0950e+26],
         [-2.8518e+25,  5.2694e+25, -1.5543e+25,  ..., -5.6592e+24,
           6.4709e+25,  4.6073e+25],
         [-1.7340e+25,  8.3344e+25, -3.3332e+25,  ..., -7.2806e+25,
           1.8122e+25,  1.0150e+26]],

        [[ 1.6010e+26, -5.9167e+25, -1.8744e+26,  ..., -4.0737e+25,
           2.5641e+25,  2.2872e+26],
         [ 6.0872e+25,  1.0697e+26, -4.1137e+25,  ..., -1.8627e+26,
           3.3921e+25,  1.0895e+26],
         [-2.8181e+25,  5.1272e+25, -1.5160e+25,  ..., -3.4819e+24,
           6.4794e+25,  4.5461e+25],
         [-1.5929e+25,  8.3666e+25, -3.2403e+25,  ..., -7.3467e+25,
           1.6710e+25,  1.0046e+26]]], device='cuda:0')
v: tensor([[[  -7169.9404,   28356.2773,   21034.9043,  ...,  -11443.0000,
            83907.1172, -151787.2969],
         [  -4783.9736,   31403.4062,   19476.7734,  ...,   -8592.5566,
            86732.2422, -151253.0625],
         [ -10637.8916,   29001.4922,   26305.3672,  ...,  -11191.5645,
            85162.9688, -152414.0000],
         [  -8199.1670,   31583.7969,   19099.6543,  ...,  -13552.5391,
            87229.1094, -150477.6562]],

        [[  -7104.0605,   28529.1914,   20953.2227,  ...,  -11632.2129,
            83698.2500, -151538.9062],
         [  -4914.9717,   31348.2031,   19478.4688,  ...,   -8784.2070,
            86605.2656, -151383.8594],
         [ -10658.8623,   28837.3047,   26177.3516,  ...,  -10843.9883,
            85046.0625, -152173.8281],
         [  -7408.8418,   31643.3828,   19706.6133,  ...,  -13133.7129,
            87194.3750, -150093.7344]],

        [[  -6915.2764,   28233.1094,   21068.2266,  ...,  -10747.6523,
            83840.8125, -151730.9844],
         [  -5425.6885,   29999.8477,   19579.4395,  ...,   -8813.6348,
            86449.0469, -151161.0625],
         [ -11582.9072,   29121.8125,   26291.6191,  ...,  -11355.5332,
            85599.1016, -152304.9219],
         [  -7683.1982,   29055.8047,   19302.3281,  ...,  -13945.9414,
            86530.4922, -149665.0625]],

        ...,

        [[  -6972.3271,   28203.0547,   21080.3906,  ...,  -10737.9492,
            83620.8906, -151709.4062],
         [  -5533.7480,   30101.8086,   19724.9570,  ...,   -8877.6016,
            86878.0547, -151678.1094],
         [ -11908.2129,   28814.8516,   25961.6914,  ...,  -11521.2266,
            85589.1094, -152563.2188],
         [  -7968.4209,   29221.7656,   20021.1797,  ...,  -14246.8711,
            86270.1797, -149542.2812]],

        [[  -7044.3613,   28441.8984,   20912.1562,  ...,  -11624.0957,
            83789.7812, -151570.9688],
         [  -4865.2666,   31326.1406,   19562.5078,  ...,   -8631.2500,
            86598.8828, -151394.0156],
         [ -10632.4775,   29019.8125,   25928.7031,  ...,  -11063.1953,
            85272.5625, -152293.9062],
         [  -7424.1543,   31809.3516,   19776.5938,  ...,  -13176.4785,
            87332.9062, -150179.8438]],

        [[  -7105.5508,   28348.3750,   20986.6680,  ...,  -11502.4355,
            83874.9297, -151648.1250],
         [  -4917.1533,   31274.3125,   19565.1641,  ...,   -8746.4082,
            86709.6875, -151263.1562],
         [ -10560.5908,   29110.8828,   26143.7578,  ...,  -11257.4082,
            85200.2656, -152396.5312],
         [  -8027.3438,   31278.7812,   19836.8164,  ...,  -13411.9824,
            87083.7031, -149912.0938]]], device='cuda:0')
attn_out: tensor([[[nan, nan, nan,  ..., nan, nan, nan],
         [nan, nan, nan,  ..., nan, nan, nan],
         [nan, nan, nan,  ..., nan, nan, nan],
         [nan, nan, nan,  ..., nan, nan, nan]],

        [[nan, nan, nan,  ..., nan, nan, nan],
         [nan, nan, nan,  ..., nan, nan, nan],
         [nan, nan, nan,  ..., nan, nan, nan],
         [nan, nan, nan,  ..., nan, nan, nan]],

        [[nan, nan, nan,  ..., nan, nan, nan],
         [nan, nan, nan,  ..., nan, nan, nan],
         [nan, nan, nan,  ..., nan, nan, nan],
         [nan, nan, nan,  ..., nan, nan, nan]],

        ...,

        [[nan, nan, nan,  ..., nan, nan, nan],
         [nan, nan, nan,  ..., nan, nan, nan],
         [nan, nan, nan,  ..., nan, nan, nan],
         [nan, nan, nan,  ..., nan, nan, nan]],

        [[nan, nan, nan,  ..., nan, nan, nan],
         [nan, nan, nan,  ..., nan, nan, nan],
         [nan, nan, nan,  ..., nan, nan, nan],
         [nan, nan, nan,  ..., nan, nan, nan]],

        [[nan, nan, nan,  ..., nan, nan, nan],
         [nan, nan, nan,  ..., nan, nan, nan],
         [nan, nan, nan,  ..., nan, nan, nan],
         [nan, nan, nan,  ..., nan, nan, nan]]], device='cuda:0')
fusion_out: tensor([[[nan, nan, nan,  ..., nan, nan, nan],
         [nan, nan, nan,  ..., nan, nan, nan],
         [nan, nan, nan,  ..., nan, nan, nan],
         [nan, nan, nan,  ..., nan, nan, nan]],

        [[nan, nan, nan,  ..., nan, nan, nan],
         [nan, nan, nan,  ..., nan, nan, nan],
         [nan, nan, nan,  ..., nan, nan, nan],
         [nan, nan, nan,  ..., nan, nan, nan]],

        [[nan, nan, nan,  ..., nan, nan, nan],
         [nan, nan, nan,  ..., nan, nan, nan],
         [nan, nan, nan,  ..., nan, nan, nan],
         [nan, nan, nan,  ..., nan, nan, nan]],

        ...,

        [[nan, nan, nan,  ..., nan, nan, nan],
         [nan, nan, nan,  ..., nan, nan, nan],
         [nan, nan, nan,  ..., nan, nan, nan],
         [nan, nan, nan,  ..., nan, nan, nan]],

        [[nan, nan, nan,  ..., nan, nan, nan],
         [nan, nan, nan,  ..., nan, nan, nan],
         [nan, nan, nan,  ..., nan, nan, nan],
         [nan, nan, nan,  ..., nan, nan, nan]],

        [[nan, nan, nan,  ..., nan, nan, nan],
         [nan, nan, nan,  ..., nan, nan, nan],
         [nan, nan, nan,  ..., nan, nan, nan],
         [nan, nan, nan,  ..., nan, nan, nan]]], device='cuda:0')
fusion_out: tensor([[[nan, nan, nan,  ..., nan, nan, nan],
         [nan, nan, nan,  ..., nan, nan, nan],
         [nan, nan, nan,  ..., nan, nan, nan],
         [nan, nan, nan,  ..., nan, nan, nan]],

        [[nan, nan, nan,  ..., nan, nan, nan],
         [nan, nan, nan,  ..., nan, nan, nan],
         [nan, nan, nan,  ..., nan, nan, nan],
         [nan, nan, nan,  ..., nan, nan, nan]],

        [[nan, nan, nan,  ..., nan, nan, nan],
         [nan, nan, nan,  ..., nan, nan, nan],
         [nan, nan, nan,  ..., nan, nan, nan],
         [nan, nan, nan,  ..., nan, nan, nan]],

        ...,

        [[nan, nan, nan,  ..., nan, nan, nan],
         [nan, nan, nan,  ..., nan, nan, nan],
         [nan, nan, nan,  ..., nan, nan, nan],
         [nan, nan, nan,  ..., nan, nan, nan]],

        [[nan, nan, nan,  ..., nan, nan, nan],
         [nan, nan, nan,  ..., nan, nan, nan],
         [nan, nan, nan,  ..., nan, nan, nan],
         [nan, nan, nan,  ..., nan, nan, nan]],

        [[nan, nan, nan,  ..., nan, nan, nan],
         [nan, nan, nan,  ..., nan, nan, nan],
         [nan, nan, nan,  ..., nan, nan, nan],
         [nan, nan, nan,  ..., nan, nan, nan]]], device='cuda:0')
