inputs:  tensor([[[[-1.7583, -1.7583, -1.7583,  ..., -1.7412, -1.7583, -1.7583],
          [-1.7412, -1.7412, -1.7412,  ..., -1.7240, -1.7412, -1.7412],
          [-1.7240, -1.7240, -1.7240,  ..., -1.7069, -1.7240, -1.7412],
          ...,
          [-1.3644, -1.3644, -1.3644,  ..., -1.4500, -1.4500, -1.4500],
          [-1.3815, -1.3815, -1.3815,  ..., -1.4500, -1.4500, -1.4500],
          [-1.3815, -1.3815, -1.3815,  ..., -1.4500, -1.4500, -1.4500]],

         [[-1.7731, -1.7731, -1.7731,  ..., -1.7381, -1.7556, -1.7556],
          [-1.7556, -1.7556, -1.7556,  ..., -1.7206, -1.7381, -1.7556],
          [-1.7381, -1.7381, -1.7381,  ..., -1.7206, -1.7381, -1.7556],
          ...,
          [-1.2654, -1.2654, -1.2654,  ..., -1.3880, -1.3880, -1.3880],
          [-1.2829, -1.2829, -1.2829,  ..., -1.3880, -1.3880, -1.3880],
          [-1.2829, -1.2829, -1.2829,  ..., -1.3880, -1.3880, -1.3880]],

         [[-0.7761, -0.7761, -0.7761,  ..., -0.9853, -1.0027, -1.0027],
          [-0.7587, -0.7587, -0.7587,  ..., -0.9504, -0.9678, -0.9853],
          [-0.7413, -0.7413, -0.7413,  ..., -0.8981, -0.9156, -0.9330],
          ...,
          [-1.0027, -1.0027, -1.0027,  ..., -1.0724, -1.0724, -1.0724],
          [-1.0201, -1.0201, -1.0201,  ..., -1.0724, -1.0724, -1.0724],
          [-1.0201, -1.0201, -1.0201,  ..., -1.0724, -1.0724, -1.0724]]],


        [[[-1.2445, -1.2103, -1.1932,  ..., -1.2959, -1.2103, -1.2103],
          [-1.2274, -1.1932, -1.1760,  ..., -1.4158, -1.3644, -1.3644],
          [-1.2103, -1.1760, -1.1418,  ..., -1.4843, -1.4329, -1.4329],
          ...,
          [-1.9980, -2.0152, -2.0665,  ..., -1.5699, -1.5528, -1.5528],
          [-1.9809, -2.0152, -2.0665,  ..., -1.6042, -1.5357, -1.5357],
          [-1.9809, -2.0152, -2.0665,  ..., -1.6042, -1.5357, -1.5357]],

         [[-0.4426, -0.4251, -0.4076,  ..., -0.2325, -0.2325, -0.2325],
          [-0.4426, -0.4076, -0.4076,  ..., -0.3901, -0.3901, -0.3901],
          [-0.4601, -0.4251, -0.4076,  ..., -0.4951, -0.4426, -0.4426],
          ...,
          [-1.8606, -1.8782, -1.9307,  ..., -1.4755, -1.4930, -1.4930],
          [-1.8431, -1.8782, -1.9307,  ..., -1.5280, -1.4755, -1.4755],
          [-1.8431, -1.8782, -1.9307,  ..., -1.5455, -1.4755, -1.4755]],

         [[ 1.9428,  2.0125,  2.0474,  ...,  2.4831,  2.5529,  2.5877],
          [ 1.8557,  1.9080,  1.9603,  ...,  2.3088,  2.3960,  2.3960],
          [ 1.7685,  1.8034,  1.8731,  ...,  2.1868,  2.2566,  2.2914],
          ...,
          [-1.5430, -1.5604, -1.5953,  ..., -1.2119, -1.1770, -1.1770],
          [-1.5256, -1.5604, -1.6127,  ..., -1.2641, -1.1944, -1.1944],
          [-1.5256, -1.5604, -1.6127,  ..., -1.2641, -1.1944, -1.1944]]],


        [[[-2.1179, -2.0837, -2.0494,  ..., -2.0837, -2.1008, -2.1008],
          [-2.1008, -2.1008, -2.0837,  ..., -2.0152, -2.0494, -2.0837],
          [-2.0837, -2.0837, -2.0665,  ..., -2.0323, -1.9980, -2.0152],
          ...,
          [-1.6727, -1.6384, -1.5870,  ..., -1.2445, -1.1589, -1.1418],
          [-1.6555, -1.6213, -1.5870,  ..., -1.3473, -1.2617, -1.2274],
          [-1.6555, -1.6213, -1.5870,  ..., -1.4672, -1.3815, -1.3130]],

         [[-2.0357, -2.0007, -1.9657,  ..., -2.0357, -2.0357, -2.0357],
          [-2.0182, -2.0182, -2.0182,  ..., -2.0007, -2.0182, -2.0357],
          [-2.0357, -2.0357, -2.0182,  ..., -2.0357, -2.0182, -2.0182],
          ...,
          [-1.7906, -1.7556, -1.7031,  ..., -1.4580, -1.3880, -1.3529],
          [-1.7731, -1.7381, -1.7031,  ..., -1.5630, -1.4755, -1.4405],
          [-1.7731, -1.7381, -1.7031,  ..., -1.6856, -1.5980, -1.5280]],

         [[-1.8044, -1.7696, -1.7173,  ..., -1.7173, -1.7347, -1.7173],
          [-1.7347, -1.7347, -1.6999,  ..., -1.7173, -1.7173, -1.7522],
          [-1.5953, -1.5779, -1.5430,  ..., -1.7522, -1.7173, -1.7347],
          ...,
          [-1.3164, -1.2816, -1.2293,  ..., -0.9330, -0.8633, -0.8284],
          [-1.2990, -1.2641, -1.2293,  ..., -1.0550, -0.9678, -0.9330],
          [-1.2990, -1.2641, -1.2293,  ..., -1.1770, -1.0898, -1.0201]]],


        ...,


        [[[-0.9877, -1.0219, -1.0390,  ..., -2.1179, -2.1008, -2.1008],
          [-1.0219, -1.0219, -1.0048,  ..., -2.1179, -2.1008, -2.1008],
          [-1.0562, -1.0219, -1.0048,  ..., -2.1179, -2.1179, -2.1179],
          ...,
          [-0.9534, -0.9363, -0.8849,  ..., -1.9295, -1.8782, -1.8439],
          [-0.7479, -0.7479, -0.7650,  ..., -1.9124, -1.9124, -1.8782],
          [-0.6452, -0.6623, -0.6965,  ..., -1.8782, -1.8782, -1.8439]],

         [[-0.2675, -0.2850, -0.3025,  ..., -2.0357, -2.0182, -2.0182],
          [-0.2675, -0.2500, -0.2325,  ..., -2.0357, -2.0182, -2.0182],
          [-0.2325, -0.2150, -0.1975,  ..., -2.0357, -2.0357, -2.0357],
          ...,
          [-1.0903, -1.0553, -1.0203,  ..., -1.9482, -1.8957, -1.8606],
          [-0.8978, -0.8978, -0.9328,  ..., -1.9307, -1.9307, -1.8957],
          [-0.8277, -0.8452, -0.8803,  ..., -1.8957, -1.8957, -1.8606]],

         [[ 1.4374,  1.4025,  1.4200,  ..., -1.7347, -1.7522, -1.7522],
          [ 1.4025,  1.4200,  1.4374,  ..., -1.7347, -1.7522, -1.7522],
          [ 1.4722,  1.4897,  1.4548,  ..., -1.7347, -1.7696, -1.7696],
          ...,
          [-0.7413, -0.7064, -0.6541,  ..., -1.6824, -1.6302, -1.5953],
          [-0.5495, -0.5670, -0.5844,  ..., -1.6650, -1.6650, -1.6302],
          [-0.4973, -0.5147, -0.5495,  ..., -1.6302, -1.6302, -1.5953]]],


        [[[-0.3198, -0.3541, -0.1999,  ...,  1.3070,  1.4954,  1.6495],
          [ 0.5707,  0.6392,  0.7248,  ...,  0.6734,  1.0159,  1.3755],
          [ 0.6392,  0.7933,  0.7248,  ...,  0.6392,  1.0331,  1.3242],
          ...,
          [-1.6042, -1.6042, -1.6042,  ..., -1.3302, -1.3302, -1.3302],
          [-1.6042, -1.6042, -1.6042,  ..., -1.3644, -1.3644, -1.3644],
          [-1.6042, -1.6213, -1.6042,  ..., -1.3987, -1.3815, -1.3815]],

         [[ 0.1001,  0.0126,  0.1702,  ...,  1.9734,  2.1835,  2.3761],
          [ 1.0630,  1.1331,  1.2031,  ...,  1.4132,  1.7983,  2.1660],
          [ 1.2206,  1.3606,  1.2731,  ...,  1.4132,  1.8508,  2.1835],
          ...,
          [-1.5805, -1.5805, -1.5805,  ..., -1.3704, -1.3704, -1.3704],
          [-1.5805, -1.5805, -1.5805,  ..., -1.4055, -1.4055, -1.4055],
          [-1.5805, -1.5980, -1.5805,  ..., -1.4405, -1.4230, -1.4230]],

         [[ 0.4962,  0.3916,  0.5311,  ...,  2.4483,  2.5877,  2.5877],
          [ 1.4025,  1.4722,  1.5245,  ...,  1.9777,  2.2914,  2.4657],
          [ 1.5071,  1.6465,  1.5420,  ...,  2.0997,  2.4308,  2.5529],
          ...,
          [-1.5430, -1.5430, -1.5430,  ..., -1.3339, -1.3339, -1.3339],
          [-1.5430, -1.5430, -1.5430,  ..., -1.3687, -1.3687, -1.3687],
          [-1.5430, -1.5604, -1.5430,  ..., -1.4036, -1.3861, -1.3861]]],


        [[[ 1.5639,  1.5639,  1.5297,  ...,  1.1872,  1.1872,  1.1529],
          [ 1.6324,  1.5982,  1.5810,  ...,  1.2214,  1.2043,  1.1872],
          [ 1.6667,  1.6667,  1.6324,  ...,  1.2557,  1.2385,  1.2385],
          ...,
          [-1.5870, -1.6042, -1.5870,  ..., -1.4329, -1.4329, -1.4329],
          [-1.5699, -1.5699, -1.6213,  ..., -1.4329, -1.4329, -1.4329],
          [-1.5528, -1.5357, -1.5870,  ..., -1.4672, -1.4672, -1.4672]],

         [[ 2.4111,  2.4286,  2.4111,  ...,  2.0084,  2.0084,  1.9909],
          [ 2.4111,  2.4286,  2.4111,  ...,  2.1134,  2.0959,  2.0784],
          [ 2.4111,  2.4286,  2.4286,  ...,  2.1660,  2.1485,  2.1310],
          ...,
          [-1.5630, -1.5805, -1.5630,  ..., -1.4930, -1.4930, -1.4930],
          [-1.5455, -1.5455, -1.5980,  ..., -1.4930, -1.4930, -1.4930],
          [-1.5280, -1.5105, -1.5630,  ..., -1.5280, -1.5280, -1.5280]],

         [[ 2.6051,  2.6226,  2.5877,  ...,  2.5877,  2.5877,  2.5529],
          [ 2.6226,  2.6400,  2.6226,  ...,  2.6051,  2.5877,  2.5703],
          [ 2.6400,  2.6400,  2.6400,  ...,  2.5354,  2.5180,  2.5180],
          ...,
          [-1.5256, -1.5430, -1.5256,  ..., -1.4210, -1.4210, -1.4210],
          [-1.5081, -1.5081, -1.5604,  ..., -1.4210, -1.4210, -1.4210],
          [-1.4907, -1.4733, -1.5256,  ..., -1.4559, -1.4559, -1.4559]]]],
       device='cuda:0')
logps shape:  torch.Size([32])
labels shape:  torch.Size([32])
logps:  tensor([nan, nan, nan, nan, nan, nan, nan, nan, nan, nan, nan, nan, nan, nan, nan, nan, nan, nan, nan, nan, nan, nan, nan, nan,
        nan, nan, nan, nan, nan, nan, nan, nan], device='cuda:0')
labels:  tensor([1., 0., 1., 0., 0., 1., 0., 0., 0., 1., 1., 1., 1., 0., 0., 0., 0., 1.,
        1., 0., 0., 0., 1., 0., 1., 1., 0., 0., 0., 0., 0., 0.],
       device='cuda:0')
